[gd_scene load_steps=13 format=2]

[ext_resource path="res://scenes/player/Camera.gd" type="Script" id=1]
[ext_resource path="res://scenes/player/PlayerStart.tscn" type="PackedScene" id=2]
[ext_resource path="res://scenes/world/GridMapOver.tscn" type="PackedScene" id=3]
[ext_resource path="res://scenes/Main.gd" type="Script" id=4]
[ext_resource path="res://scenes/ui/GameCues.tscn" type="PackedScene" id=5]
[ext_resource path="res://scenes/world/GridMapFloor.tscn" type="PackedScene" id=6]
[ext_resource path="res://scenes/shapes/Wall.tscn" type="PackedScene" id=8]
[ext_resource path="res://scenes/EnemyBall.tscn" type="PackedScene" id=10]
[ext_resource path="res://scenes/EnemyBallSimple.tscn" type="PackedScene" id=11]
[ext_resource path="res://scenes/player/CameraPos.gd" type="Script" id=12]

[sub_resource type="PhysicsMaterial" id=1]
resource_local_to_scene = true
rough = true
bounce = 0.5

[sub_resource type="PhysicsMaterial" id=2]
resource_local_to_scene = true
rough = true
bounce = 0.2

[node name="Level" type="Spatial"]
transform = Transform( 1, 0, 0, 0, 1, 0, 0, 0, 1, 0.136887, -1.52588e-05, 0.609985 )
script = ExtResource( 4 )

[node name="PlayerStart" parent="." instance=ExtResource( 2 )]
transform = Transform( 1, 0, 0, 0, 1, 0, 0, 0, 1, -77.2748, 18.0855, 0 )
ball = 1
frame = 1

[node name="World" type="Spatial" parent="."]

[node name="GridMap" parent="World" instance=ExtResource( 6 )]
cell_size = Vector3( 100, 100, 100 )
cell_scale = 2.0
data = {
"cells": PoolIntArray( 0, 0, 3, 1, 0, 2, 2, 0, 3, 65532, 0, 1, 65533, 0, 2, 65534, 0, 1, 65535, 0, 1, 0, 1, 1, 1, 1, 0, 2, 1, 2, 65532, 1, 1, 65533, 1, 2, 65534, 1, 3, 65535, 1, 3, 0, 2, 1, 1, 2, 0, 2, 2, 1, 65532, 2, 1, 65533, 2, 3, 65534, 2, 3, 65535, 2, 1, 0, 3, 1, 1, 3, 0, 2, 3, 1, 65532, 3, 1, 65533, 3, 3, 65534, 3, 2, 65535, 3, 1, 0, 4, 1, 1, 4, 2, 2, 4, 1, 65532, 4, 0, 65533, 4, 3, 65534, 4, 2, 65535, 4, 1, 0, 65530, 2, 1, 65530, 2, 2, 65530, 4, 65532, 65530, 4, 65533, 65530, 4, 65534, 65530, 4, 65535, 65530, 4, 0, 65531, 3, 1, 65531, 3, 2, 65531, 4, 65532, 65531, 4, 65533, 65531, 4, 65534, 65531, 4, 65535, 65531, 4, 0, 65532, 4, 1, 65532, 3, 2, 65532, 2, 65532, 65532, 4, 65533, 65532, 4, 65534, 65532, 4, 65535, 65532, 4, 0, 65533, 2, 1, 65533, 3, 2, 65533, 2, 65532, 65533, 1, 65533, 65533, 1, 65534, 65533, 4, 65535, 65533, 2, 0, 65534, 2, 1, 65534, 2, 2, 65534, 3, 65532, 65534, 4, 65533, 65534, 4, 65534, 65534, 4, 65535, 65534, 1, 0, 65535, 3, 1, 65535, 2, 2, 65535, 3, 65532, 65535, 1, 65533, 65535, 2, 65534, 65535, 1, 65535, 65535, 1 )
}

[node name="Over" parent="World" instance=ExtResource( 3 )]
transform = Transform( 1, 0, 0, 0, 1, 0, 0, 0, 1, 0, 5, 0 )
data = {
"cells": PoolIntArray( 65535, 0, 3, 65533, 1, 1048594, 65534, 1, 5, 65535, 1, 3, 0, 2, 655380, 65533, 2, 1048581, 65534, 2, 1048595, 65535, 2, 3, 0, 3, 1441798, 1, 3, 1441797, 65531, 3, 1048587, 65532, 3, 1048584, 65533, 3, 1048585, 65534, 3, 1048586, 65535, 3, 1048579, 0, 4, 1441811, 1, 4, 1441797, 65535, 4, 655366, 0, 5, 655365, 1, 5, 1441810, 65535, 5, 655365, 65531, 65529, 4, 65532, 65529, 4, 65533, 65529, 4, 65534, 65529, 4, 65535, 65529, 4, 65531, 65530, 4, 65535, 65530, 4, 65531, 65531, 4, 65535, 65531, 6, 65531, 65532, 1048580, 65532, 65532, 4, 65533, 65532, 5, 65535, 65532, 3, 131071, 65532, 11, 65530, 65533, 4, 65531, 65533, 1048580, 65532, 65533, 1048595, 65533, 65533, 6, 131071, 65533, 7, 65530, 65534, 6, 65531, 65534, 6, 65532, 65534, 1048577, 65533, 65534, 3, 131071, 65534, 655371, 65535, 65535, 3 )
}

[node name="Wall" parent="World" instance=ExtResource( 8 )]
transform = Transform( 1, 0, 0, 0, 1, 0, 0, 0, 1, -45.931, 0, -446.136 )
height = 200.0

[node name="Wall2" parent="World" instance=ExtResource( 8 )]
transform = Transform( 1, 0, 0, 0, 1, 0, 0, 0, 1, -45.931, 0, 451.467 )
height = 200.0

[node name="Wall3" parent="World" instance=ExtResource( 8 )]
transform = Transform( -4.37114e-08, 0, 1, 0, 1, 0, -1, 0, -4.37114e-08, 233.087, 0, -22.534 )
width = 936.139
height = 200.0

[node name="Wall4" parent="World" instance=ExtResource( 8 )]
transform = Transform( -4.37114e-08, 0, 1, 0, 1, 0, -1, 0, -4.37114e-08, -378.641, 0, -22.534 )
width = 936.139
height = 200.0

[node name="Enemies" type="Spatial" parent="."]
transform = Transform( 1, 0, 0, 0, 1, 0, 0, 0, 1, 0, -82, 0 )

[node name="EnemyBallSimple" parent="Enemies" instance=ExtResource( 11 )]
transform = Transform( 1, 0, 0, 0, 1, 0, 0, 0, 1, 64, 101, -24 )
physics_material_override = SubResource( 1 )

[node name="EnemyBallSimple2" parent="Enemies" instance=ExtResource( 11 )]
transform = Transform( 1, 0, 0, 0, 1, 0, 0, 0, 1, 64, 101, 181.93 )
physics_material_override = SubResource( 1 )

[node name="EnemyBallSimple3" parent="Enemies" instance=ExtResource( 11 )]
transform = Transform( 1, 0, 0, 0, 1, 0, 0, 0, 1, 64, 101, -149.658 )
physics_material_override = SubResource( 1 )

[node name="EnemyBallSimple4" parent="Enemies" instance=ExtResource( 11 )]
transform = Transform( 1, 0, 0, 0, 1, 0, 0, 0, 1, -235.498, 101, -149.658 )
physics_material_override = SubResource( 1 )

[node name="EnemyBallSimple5" parent="Enemies" instance=ExtResource( 11 )]
transform = Transform( 0.978685, 0, -0.205367, 0, 1, 0, 0.205367, 0, 0.978685, 69.0507, 101, 7.60904 )
physics_material_override = SubResource( 1 )

[node name="EnemyBallSimple6" parent="Enemies" instance=ExtResource( 11 )]
transform = Transform( 0.978685, 0, -0.205367, 0, 1, 0, 0.205367, 0, 0.978685, 26.7594, 101, 130.405 )
physics_material_override = SubResource( 1 )

[node name="EnemyBallSimple7" parent="Enemies" instance=ExtResource( 11 )]
transform = Transform( 0.978685, 0, -0.205367, 0, 1, 0, 0.205367, 0, 0.978685, 94.8568, 101, -115.371 )
physics_material_override = SubResource( 1 )

[node name="EnemyBallSimple9" parent="Enemies" instance=ExtResource( 11 )]
transform = Transform( 0.3975, 0, -0.917602, 0, 1, 0, 0.917602, 0, 0.3975, -280.917, 101, -340.166 )
physics_material_override = SubResource( 1 )

[node name="EnemyBallSimple10" parent="Enemies" instance=ExtResource( 11 )]
transform = Transform( 0.3975, 0, -0.917602, 0, 1, 0, 0.917602, 0, 0.3975, -165.613, 101, -390.115 )
physics_material_override = SubResource( 1 )

[node name="EnemyBallSimple11" parent="Enemies" instance=ExtResource( 11 )]
transform = Transform( 0.200582, 0, -0.979677, 0, 1, 0, 0.979677, 0, 0.200582, -307.913, 101, -322.967 )
physics_material_override = SubResource( 1 )

[node name="EnemyBallSimple12" parent="Enemies" instance=ExtResource( 11 )]
transform = Transform( 0.200582, 0, -0.979677, 0, 1, 0, 0.979677, 0, 0.200582, -184.809, 101, -348.172 )
physics_material_override = SubResource( 1 )

[node name="EnemyBallSimple13" parent="Enemies" instance=ExtResource( 11 )]
transform = Transform( 0.980536, 0, -0.19634, 0, 1, 0, 0.19634, 0, 0.980536, 154.865, 101, 130.502 )
physics_material_override = SubResource( 1 )

[node name="EnemyBallSimple14" parent="Enemies" instance=ExtResource( 11 )]
transform = Transform( 0.980536, 0, -0.19634, 0, 1, 0, 0.19634, 0, 0.980536, -307.3, 101, 7.28978 )
physics_material_override = SubResource( 1 )

[node name="EnemyBallSimple15" parent="Enemies" instance=ExtResource( 11 )]
transform = Transform( 0.919314, 0, -0.393525, 0, 1, 0, 0.393525, 0, 0.919314, 153.611, 101, 162.487 )
physics_material_override = SubResource( 1 )

[node name="EnemyBallSimple16" parent="Enemies" instance=ExtResource( 11 )]
transform = Transform( 0.919314, 0, -0.393525, 0, 1, 0, 0.393525, 0, 0.919314, -283.776, 101, 46.9678 )
physics_material_override = SubResource( 1 )

[node name="EnemyBallSimple8" parent="Enemies" instance=ExtResource( 11 )]
transform = Transform( 0.978685, 0, -0.205367, 0, 1, 0, 0.205367, 0, 0.978685, -198.257, 101, -176.878 )
physics_material_override = SubResource( 1 )

[node name="EnemyBall" parent="Enemies" instance=ExtResource( 10 )]
transform = Transform( 1, 0, 0, 0, 1, 0, 0, 0, 1, 0, 123.807, -254.452 )
physics_material_override = SubResource( 2 )

[node name="EnemyBall8" parent="Enemies" instance=ExtResource( 10 )]
transform = Transform( 1, 0, 0, 0, 1, 0, 0, 0, 1, 92.2542, 123.807, -254.452 )
physics_material_override = SubResource( 2 )

[node name="EnemyBall9" parent="Enemies" instance=ExtResource( 10 )]
transform = Transform( 1, 0, 0, 0, 1, 0, 0, 0, 1, -59.7217, 123.807, -359.179 )
physics_material_override = SubResource( 2 )

[node name="EnemyBall10" parent="Enemies" instance=ExtResource( 10 )]
transform = Transform( 1, 0, 0, 0, 1, 0, 0, 0, 1, 32.5325, 123.807, -359.179 )
physics_material_override = SubResource( 2 )

[node name="EnemyBall11" parent="Enemies" instance=ExtResource( 10 )]
transform = Transform( 1, 0, 0, 0, 1, 0, 0, 0, 1, -59.7217, 123.807, 344.193 )
physics_material_override = SubResource( 2 )

[node name="EnemyBall12" parent="Enemies" instance=ExtResource( 10 )]
transform = Transform( 1, 0, 0, 0, 1, 0, 0, 0, 1, 32.5325, 123.807, 344.193 )
physics_material_override = SubResource( 2 )

[node name="EnemyBall2" parent="Enemies" instance=ExtResource( 10 )]
transform = Transform( 1, 0, 0, 0, 1, 0, 0, 0, 1, 0, 123.807, 122.66 )
physics_material_override = SubResource( 2 )

[node name="EnemyBall3" parent="Enemies" instance=ExtResource( 10 )]
transform = Transform( 1, 0, 0, 0, 1, 0, 0, 0, 1, -249.735, 123.807, 122.66 )
physics_material_override = SubResource( 2 )

[node name="EnemyBall6" parent="Enemies" instance=ExtResource( 10 )]
transform = Transform( 1, 0, 0, 0, 1, 0, 0, 0, 1, -138.726, 123.807, 122.66 )
physics_material_override = SubResource( 2 )

[node name="EnemyBall7" parent="Enemies" instance=ExtResource( 10 )]
transform = Transform( 1, 0, 0, 0, 1, 0, 0, 0, 1, 95.4559, 123.807, 122.66 )
physics_material_override = SubResource( 2 )

[node name="EnemyBall4" parent="Enemies" instance=ExtResource( 10 )]
transform = Transform( 1, 0, 0, 0, 1, 0, 0, 0, 1, -249.735, 123.807, -262.348 )
physics_material_override = SubResource( 2 )

[node name="EnemyBall5" parent="Enemies" instance=ExtResource( 10 )]
transform = Transform( 1, 0, 0, 0, 1, 0, 0, 0, 1, -118.174, 123.807, -262.348 )
physics_material_override = SubResource( 2 )

[node name="CameraPos" type="Position3D" parent="."]
transform = Transform( 1, 0, 0, 0, 1, 0, 0, 0, 1, -90, 10, 0 )
script = ExtResource( 12 )

[node name="Camera" type="Camera" parent="CameraPos"]
transform = Transform( 1, 0, 0, 0, 0.866025, 0.5, 0, -0.5, 0.866025, 0, 40, 40 )
keep_aspect = 0
current = true
fov = 120.0
near = 15.0
far = 8192.0
script = ExtResource( 1 )

[node name="DirectionalLight" type="DirectionalLight" parent="."]
transform = Transform( -0.248003, -0.909855, 0.332654, 0.666988, 0.0886668, 0.739774, -0.702582, 0.405342, 0.584873, -23.712, 64.9239, -4.52955 )
shadow_enabled = true
directional_shadow_max_distance = 200.0

[node name="GameCues" parent="." instance=ExtResource( 5 )]
