[gd_scene load_steps=16 format=2]

[ext_resource path="res://scenes/player/Camera.gd" type="Script" id=1]
[ext_resource path="res://scenes/player/PlayerStart.tscn" type="PackedScene" id=2]
[ext_resource path="res://assets/textures/pack/Tile_01_Big_A_Lite.png" type="Texture" id=3]
[ext_resource path="res://scenes/Main.gd" type="Script" id=4]
[ext_resource path="res://scenes/ui/GameCues.tscn" type="PackedScene" id=5]
[ext_resource path="res://scenes/shapes/Floor.tscn" type="PackedScene" id=6]
[ext_resource path="res://scenes/shapes/Ramp.tscn" type="PackedScene" id=7]
[ext_resource path="res://scenes/shapes/Wall.tscn" type="PackedScene" id=8]
[ext_resource path="res://scenes/shapes/Cube.tscn" type="PackedScene" id=9]
[ext_resource path="res://scenes/EnemyBall.tscn" type="PackedScene" id=10]
[ext_resource path="res://scenes/EnemyBallSimple.tscn" type="PackedScene" id=11]
[ext_resource path="res://scenes/player/CameraPos.gd" type="Script" id=12]

[sub_resource type="SpatialMaterial" id=2]
albedo_color = Color( 0, 0.639216, 0.4, 1 )
albedo_texture = ExtResource( 3 )
roughness = 0.11
normal_enabled = true
normal_scale = 5.0
normal_texture = ExtResource( 3 )
clearcoat_enabled = true
clearcoat = 1.0
clearcoat_gloss = 0.5
uv1_scale = Vector3( 0.005, 0.005, 0.005 )
uv1_triplanar = true

[sub_resource type="PhysicsMaterial" id=3]
resource_local_to_scene = true
rough = true
bounce = 0.5

[sub_resource type="PhysicsMaterial" id=4]
resource_local_to_scene = true
rough = true
bounce = 0.2

[node name="Level" type="Spatial"]
transform = Transform( 1, 0, 0, 0, 1, 0, 0, 0, 1, 0.136887, -1.52588e-05, 0.609985 )
script = ExtResource( 4 )

[node name="PlayerStart" parent="." instance=ExtResource( 2 )]
transform = Transform( 1, 0, 0, 0, 1, 0, 0, 0, 1, -77.2748, 18.0855, 0 )
ball = 1
frame = 1

[node name="World" type="Spatial" parent="."]

[node name="Ramp" parent="World" instance=ExtResource( 7 )]

[node name="Ramp3" parent="World" instance=ExtResource( 7 )]
transform = Transform( -0.918681, 0.394716, 0.0149926, 0.394648, 0.918803, -0.00739282, -0.0166933, -0.000874847, -0.99986, -6.44533, -18.8786, -164.68 )

[node name="Ramp2" parent="World" instance=ExtResource( 7 )]
transform = Transform( 0.918826, -0.394664, 0, 0.394653, 0.918801, -0.00740013, 0.00292056, 0.00679943, 0.999972, -191.726, -14.6878, 33.5933 )

[node name="Floor" parent="World" instance=ExtResource( 6 )]
collision_mask = 17
depth = 957.608

[node name="ceiling" type="CSGBox" parent="World"]
transform = Transform( 1, 0, 0, 0, 1, 0, 0, 0, 1, -70, 99.8485, 0 )
visible = false
use_collision = true
collision_layer = 0
collision_mask = 4
width = 593.32
height = 0.334692
depth = 957.608
material = SubResource( 2 )

[node name="Cube" parent="World" instance=ExtResource( 9 )]
transform = Transform( 1, 0, 0, 0, 1, 0, 0, 0, 1, -100.175, 6.36208, -160.895 )

[node name="Cube2" parent="World" instance=ExtResource( 9 )]
transform = Transform( 1, 0, 0, 0, -0.944422, 0.328735, 0, -0.328735, -0.944422, -25.3076, -22.991, 259.968 )
width = 284.474
height = 98.3236
depth = 149.447

[node name="Wall" parent="World" instance=ExtResource( 8 )]
transform = Transform( 1, 0, 0, 0, 1, 0, 0, 0, 1, -45.931, 0, -446.136 )
height = 200.0

[node name="Wall2" parent="World" instance=ExtResource( 8 )]
transform = Transform( 1, 0, 0, 0, 1, 0, 0, 0, 1, -45.931, 0, 451.467 )
height = 200.0

[node name="Wall3" parent="World" instance=ExtResource( 8 )]
transform = Transform( -4.37114e-08, 0, 1, 0, 1, 0, -1, 0, -4.37114e-08, 233.087, 0, -22.534 )
width = 936.139
height = 200.0

[node name="Wall4" parent="World" instance=ExtResource( 8 )]
transform = Transform( -4.37114e-08, 0, 1, 0, 1, 0, -1, 0, -4.37114e-08, -378.641, 0, -22.534 )
width = 936.139
height = 200.0

[node name="Enemies" type="Spatial" parent="."]
transform = Transform( 1, 0, 0, 0, 1, 0, 0, 0, 1, 0, -82, 0 )

[node name="EnemyBallSimple" parent="Enemies" instance=ExtResource( 11 )]
transform = Transform( 1, 0, 0, 0, 1, 0, 0, 0, 1, 64, 101, -24 )
physics_material_override = SubResource( 3 )

[node name="EnemyBallSimple2" parent="Enemies" instance=ExtResource( 11 )]
transform = Transform( 1, 0, 0, 0, 1, 0, 0, 0, 1, 64, 101, 181.93 )
physics_material_override = SubResource( 3 )

[node name="EnemyBallSimple3" parent="Enemies" instance=ExtResource( 11 )]
transform = Transform( 1, 0, 0, 0, 1, 0, 0, 0, 1, 64, 101, -149.658 )
physics_material_override = SubResource( 3 )

[node name="EnemyBallSimple4" parent="Enemies" instance=ExtResource( 11 )]
transform = Transform( 1, 0, 0, 0, 1, 0, 0, 0, 1, -235.498, 101, -149.658 )
physics_material_override = SubResource( 3 )

[node name="EnemyBallSimple5" parent="Enemies" instance=ExtResource( 11 )]
transform = Transform( 0.978685, 0, -0.205367, 0, 1, 0, 0.205367, 0, 0.978685, 69.0507, 101, 7.60904 )
physics_material_override = SubResource( 3 )

[node name="EnemyBallSimple6" parent="Enemies" instance=ExtResource( 11 )]
transform = Transform( 0.978685, 0, -0.205367, 0, 1, 0, 0.205367, 0, 0.978685, 26.7594, 101, 130.405 )
physics_material_override = SubResource( 3 )

[node name="EnemyBallSimple7" parent="Enemies" instance=ExtResource( 11 )]
transform = Transform( 0.978685, 0, -0.205367, 0, 1, 0, 0.205367, 0, 0.978685, 94.8568, 101, -115.371 )
physics_material_override = SubResource( 3 )

[node name="EnemyBallSimple9" parent="Enemies" instance=ExtResource( 11 )]
transform = Transform( 0.3975, 0, -0.917602, 0, 1, 0, 0.917602, 0, 0.3975, -280.917, 101, -340.166 )
physics_material_override = SubResource( 3 )

[node name="EnemyBallSimple10" parent="Enemies" instance=ExtResource( 11 )]
transform = Transform( 0.3975, 0, -0.917602, 0, 1, 0, 0.917602, 0, 0.3975, -165.613, 101, -390.115 )
physics_material_override = SubResource( 3 )

[node name="EnemyBallSimple11" parent="Enemies" instance=ExtResource( 11 )]
transform = Transform( 0.200582, 0, -0.979677, 0, 1, 0, 0.979677, 0, 0.200582, -307.913, 101, -322.967 )
physics_material_override = SubResource( 3 )

[node name="EnemyBallSimple12" parent="Enemies" instance=ExtResource( 11 )]
transform = Transform( 0.200582, 0, -0.979677, 0, 1, 0, 0.979677, 0, 0.200582, -184.809, 101, -348.172 )
physics_material_override = SubResource( 3 )

[node name="EnemyBallSimple13" parent="Enemies" instance=ExtResource( 11 )]
transform = Transform( 0.980536, 0, -0.19634, 0, 1, 0, 0.19634, 0, 0.980536, 154.865, 101, 130.502 )
physics_material_override = SubResource( 3 )

[node name="EnemyBallSimple14" parent="Enemies" instance=ExtResource( 11 )]
transform = Transform( 0.980536, 0, -0.19634, 0, 1, 0, 0.19634, 0, 0.980536, -307.3, 101, 7.28978 )
physics_material_override = SubResource( 3 )

[node name="EnemyBallSimple15" parent="Enemies" instance=ExtResource( 11 )]
transform = Transform( 0.919314, 0, -0.393525, 0, 1, 0, 0.393525, 0, 0.919314, 153.611, 101, 162.487 )
physics_material_override = SubResource( 3 )

[node name="EnemyBallSimple16" parent="Enemies" instance=ExtResource( 11 )]
transform = Transform( 0.919314, 0, -0.393525, 0, 1, 0, 0.393525, 0, 0.919314, -283.776, 101, 46.9678 )
physics_material_override = SubResource( 3 )

[node name="EnemyBallSimple8" parent="Enemies" instance=ExtResource( 11 )]
transform = Transform( 0.978685, 0, -0.205367, 0, 1, 0, 0.205367, 0, 0.978685, -198.257, 101, -176.878 )
physics_material_override = SubResource( 3 )

[node name="EnemyBall" parent="Enemies" instance=ExtResource( 10 )]
transform = Transform( 1, 0, 0, 0, 1, 0, 0, 0, 1, 0, 123.807, -254.452 )
physics_material_override = SubResource( 4 )

[node name="EnemyBall8" parent="Enemies" instance=ExtResource( 10 )]
transform = Transform( 1, 0, 0, 0, 1, 0, 0, 0, 1, 92.2542, 123.807, -254.452 )
physics_material_override = SubResource( 4 )

[node name="EnemyBall9" parent="Enemies" instance=ExtResource( 10 )]
transform = Transform( 1, 0, 0, 0, 1, 0, 0, 0, 1, -59.7217, 123.807, -359.179 )
physics_material_override = SubResource( 4 )

[node name="EnemyBall10" parent="Enemies" instance=ExtResource( 10 )]
transform = Transform( 1, 0, 0, 0, 1, 0, 0, 0, 1, 32.5325, 123.807, -359.179 )
physics_material_override = SubResource( 4 )

[node name="EnemyBall11" parent="Enemies" instance=ExtResource( 10 )]
transform = Transform( 1, 0, 0, 0, 1, 0, 0, 0, 1, -59.7217, 123.807, 344.193 )
physics_material_override = SubResource( 4 )

[node name="EnemyBall12" parent="Enemies" instance=ExtResource( 10 )]
transform = Transform( 1, 0, 0, 0, 1, 0, 0, 0, 1, 32.5325, 123.807, 344.193 )
physics_material_override = SubResource( 4 )

[node name="EnemyBall2" parent="Enemies" instance=ExtResource( 10 )]
transform = Transform( 1, 0, 0, 0, 1, 0, 0, 0, 1, 0, 123.807, 122.66 )
physics_material_override = SubResource( 4 )

[node name="EnemyBall3" parent="Enemies" instance=ExtResource( 10 )]
transform = Transform( 1, 0, 0, 0, 1, 0, 0, 0, 1, -249.735, 123.807, 122.66 )
physics_material_override = SubResource( 4 )

[node name="EnemyBall6" parent="Enemies" instance=ExtResource( 10 )]
transform = Transform( 1, 0, 0, 0, 1, 0, 0, 0, 1, -138.726, 123.807, 122.66 )
physics_material_override = SubResource( 4 )

[node name="EnemyBall7" parent="Enemies" instance=ExtResource( 10 )]
transform = Transform( 1, 0, 0, 0, 1, 0, 0, 0, 1, 95.4559, 123.807, 122.66 )
physics_material_override = SubResource( 4 )

[node name="EnemyBall4" parent="Enemies" instance=ExtResource( 10 )]
transform = Transform( 1, 0, 0, 0, 1, 0, 0, 0, 1, -249.735, 123.807, -262.348 )
physics_material_override = SubResource( 4 )

[node name="EnemyBall5" parent="Enemies" instance=ExtResource( 10 )]
transform = Transform( 1, 0, 0, 0, 1, 0, 0, 0, 1, -118.174, 123.807, -262.348 )
physics_material_override = SubResource( 4 )

[node name="CameraPos" type="Position3D" parent="."]
transform = Transform( 1, 0, 0, 0, 1, 0, 0, 0, 1, -90, 10, 0 )
script = ExtResource( 12 )

[node name="Camera" type="Camera" parent="CameraPos"]
transform = Transform( 1, 0, 0, 0, 0.866025, 0.5, 0, -0.5, 0.866025, 0, 40, 40 )
keep_aspect = 0
current = true
fov = 120.0
near = 15.0
far = 8192.0
script = ExtResource( 1 )

[node name="DirectionalLight" type="DirectionalLight" parent="."]
transform = Transform( -0.248003, -0.909855, 0.332654, 0.666988, 0.0886668, 0.739774, -0.702582, 0.405342, 0.584873, -23.712, 64.9239, -4.52955 )
shadow_enabled = true
directional_shadow_max_distance = 200.0

[node name="GameCues" parent="." instance=ExtResource( 5 )]
